{
  "problem_type": "tsp",
  "data": {
    "distance_matrix": [
      [
        0,
        64,
        88,
        115,
        58,
        78
      ],
      [
        64,
        0,
        91,
        84,
        83,
        51
      ],
      [
        88,
        91,
        0,
        53,
        35,
        45
      ],
      [
        115,
        84,
        53,
        0,
        81,
        39
      ],
      [
        58,
        83,
        35,
        81,
        0,
        55
      ],
      [
        78,
        51,
        45,
        39,
        55,
        0
      ]
    ]
  }
}